22
65
54
42
57
60
21
4
89
86
75
83
21
34
33
86
92
22
68
68
97
55
93
75
67
28
6
30
97
10
72
35
19
39
96
26
59
32
10
13
88
31
38
51
86
34
29
6
81
8
51
40
17
37
99
54
76
54
14
74
51
85
72
29
35
31
14
18
31
47
50
5
1
78
3
57
95
60
93
55
25
42
25
30
10
81
39
16
66
51
70
98
21
74
68
45
63
47
85
19
36
67
80
85
92
64
71
86
79
64
92
74
61
95
58
41
82
54
29
68
61
10
92
19
51
91
96
22
30
42
100
92
47
55
9
72
8
41
78
64
45
74
23
15
37
23
53
14
59
94
31
24
36
50
7
58
90
86
69
56
28
93
71
63
55
99
41
94
45
25
12
37
95
43
52
71
91
40
98
22
69
96
60
66
76
2
14
33
43
57
85
67
30
69
65
35
68
2
10
45
18
16
56
12
3
67
68
38
53
72
50
2
77
75
20
9
28
70
77
86
93
21
18
41
67
57
3
3
68
97
9
21
16
43
40
37
9
2
29
22
48
25
54
65
88
9
80
97
65
26
9
1
92
87
19
71
88
67
54
75
37
35
28
64
15
63
76
58
33
32
58
31
3
50
13
42
31
31
62
87
31
27
59
74
56
38
36
22
99
87
4
84
14
77
24
91
50
42
30
22
67
21
80
48
6
60
27
33
67
44
89
68
40
93
42
25
19
37
63
86
32
17
38
8
85
77
41
6
58
67
81
4
61
43
62
67
20
6
16
19
5
74
55
34
79
44
25
67
15
2
63
79